0 0.10119247699079632 0.35294117647058826 0.187531012404962 0.4145658263305322
0 0.3323569427771108 0.1484593837535014 0.2673709483793517 0.2969187675070028
0 0.7556942777110845 0.7717086834733894 0.308219287715086 0.4565826330532213
0 0.9066266506602642 0.3165266106442577 0.18674669867947175 0.45378151260504196
0 0.79468587434974 0.2997198879551821 0.1633933573429371 0.44257703081232497
0 0.6981352541016406 0.19047619047619047 0.1893877551020408 0.3473389355742297
0 0.5904441776710685 0.18627450980392155 0.15596638655462186 0.27170868347338933
0 0.5755902360944378 0.3179271708683473 0.24137655062024813 0.39495798319327724
0 0.45211684673869557 0.5798319327731093 0.20981192476990798 0.6778711484593838
0 0.23209283713485396 0.49019607843137253 0.20052821128451379 0.40896358543417366
0 0.16060824329731893 0.7633053221288515 0.32121648659463786 0.4397759103641456
