0 0.4673934340575608 0.6778711484593836 0.07579352984717204 0.11204481792717075
0 0.610941786040841 0.5308123249299719 0.05971611442504461 0.09803921568627452
0 0.553522445247529 0.5336134453781511 0.0459354726346497 0.12044817927170862
0 0.5213676144032742 0.6050420168067226 0.05512256716157971 0.12324929971988788
0 0.4329418295815735 0.5826330532212884 0.08957417163756695 0.1176470588235295
0 0.4938063308224844 0.16386554621848737 0.06430966168850966 0.0812324929971989
0 0.4283482823181086 0.03361344537815125 0.029858057212522267 0.05602240896358542
0 0.3330321766012104 0.31652661064425763 0.07809030347890449 0.06162464985994394
0 0.6223050424070027 0.4489716717165543 0.030643808906405355 0.06612121411376044
0 0.27221926266534235 0.4659814744620999 0.04781730569687035 0.07559672341755515
0 0.3222503325148456 0.44492238722435246 0.04338977739160463 0.07235686384251708
0 0.3634263457538172 0.38552496168198763 0.04604629437476397 0.08747620852602807
0 0.3944190438906776 0.4724611936121761 0.04781730569687028 0.07559672341755508
0 0.27221926266534235 0.5669570978841201 0.05667236230740183 0.12419461704312632
0 0.3598843231096046 0.577216653205074 0.07084045288425223 0.1295943830015232
0 0.33597567026116915 0.5469779638380531 0.0885505661053152 0.11879485108473103
0 0.48474062131809925 0.5345585021337392 0.06552741891793332 0.12203471065976763
0 0.5028934873696889 0.4778609595705729 0.045160788713710785 0.09071606810106615
0 0.4506486533675529 0.454101989353627 0.05932887929056129 0.058317472350685406
0 0.589673042152898 0.44060257445763495 0.03807674342528571 0.07451677022587581
0 0.5431839949476074 0.44006259786179525 0.037191237764232526 0.07559672341755523
0 0.5161760722854862 0.4028042127488574 0.030992698136860283 0.08099648937595191
0 0.4519769118591326 0.4055040957280558 0.0850085434611028 0.08423634895099007
0 0.31295252307378746 0.37418545316935437 0.058443373629508105 0.07343681703419648
0 0.566649894965516 0.3180278872020277 0.03453472078107303 0.07127691065083773
0 0.4165566854170064 0.3045284723060357 0.0708404528842523 0.04643798724221242
