0 0.4882177871148459 0.9187675070028011 0.09005102040816325 0.16246498599439774
0 0.6285914365746299 0.680672268907563 0.1024109643857544 0.19607843137254904
0 0.5120548219287715 0.669467787114846 0.15891356542617047 0.17366946778711478
0 0.36285264105642256 0.661064425770308 0.09005102040816325 0.19047619047619052
0 0.331952781112445 0.5406162464985994 0.08122248899559825 0.19607843137254896
0 0.6268257302921169 0.47759103641456574 0.07769107643057226 0.1932773109243697
0 0.5712059823929572 0.5392156862745098 0.09711384553821517 0.14845938375350143
0 0.5667917166866746 0.4593837535014005 0.07769107643057219 0.10084033613445378
0 0.5614945978391357 0.3571428571428571 0.060034013605442166 0.10924369747899157
0 0.4996948779511804 0.5070028011204483 0.049439775910364074 0.17366946778711487
0 0.46702931172468987 0.4943977591036415 0.05120548219287713 0.14845938375350137
0 0.4052295918367346 0.5196078431372549 0.05473689475790316 0.13725490196078433
0 0.5085234093637454 0.3795518207282913 0.05650260104041621 0.12044817927170871
0 0.4449579831932773 0.4271708683473389 0.03178271308523407 0.11484593837535009
0 0.41494097639055627 0.4131652661064426 0.0353141256502601 0.12044817927170862
0 0.37962685074029606 0.45518207282913165 0.04943977591036415 0.12044817927170862
0 0.4016981792717087 0.35434173669467783 0.0512054821928772 0.10364145658263305
0 0.34431272509003596 0.35154061624649857 0.04943977591036415 0.14285714285714285
0 0.33371848739495796 0.2913165266106443 0.03178271308523407 0.0896358543417367
0 0.5526660664265706 0.21008403361344538 0.056502601040416135 0.11764705882352942
0 0.509406262505002 0.23669467787114848 0.0476740696278511 0.13165266106442577
0 0.4705607242897159 0.18907563025210083 0.044142657062825136 0.11484593837535013
0 0.44937224889955985 0.25910364145658266 0.040611244497799175 0.14285714285714282
0 0.4096438575430172 0.19607843137254904 0.03884553821528613 0.11204481792717086
0 0.3725640256102441 0.2142857142857143 0.04943977591036415 0.09803921568627455
0 0.3663840536214485 0.1442577030812325 0.033548419367747113 0.0812324929971989
0 0.32842136854741893 0.13025210084033614 0.03531412565026013 0.09803921568627452
0 0.337249899959984 0.22829131652661064 0.04237695078031209 0.08123249299719887
