0 0.39450669156551504 0.6288515406162466 0.08983815748521636 0.22128851540616246
0 0.5448879551820728 0.680672268907563 0.14061624649859936 0.20168067226890757
0 0.7714363523187052 0.8935574229691877 0.14061624649859936 0.2072829131652661
0 0.3261515717398071 0.39495798319327724 0.05859010270774981 0.1624649859943977
0 0.38864768129474014 0.42296918767507 0.054684095860566447 0.12885154061624646
0 0.45602629940865236 0.48179271708683474 0.05273109243697476 0.16806722689075626
0 0.521451914098973 0.4789915966386555 0.07421413009648298 0.14005602240896364
0 0.5644179894179895 0.5434173669467787 0.09374416433239957 0.10644257703081238
0 0.3154100529100529 0.1092436974789916 0.04101307189542485 0.08403361344537813
0 0.35154061624649857 0.18207282913165265 0.03515406162464984 0.10644257703081232
0 0.39353018985371935 0.14145658263305322 0.03710706504824152 0.07563025210084033
0 0.42868425147836914 0.24089635854341737 0.060543106131341416 0.08963585434173665
0 0.5058278867102396 0.330532212885154 0.03906006847183313 0.10084033613445378
0 0.5048513849984438 0.22829131652661064 0.06444911297852485 0.092436974789916
0 0.4560262994086523 0.3305322128851541 0.07616713352007473 0.12324929971988798
0 0.4521202925614691 0.15126050420168066 0.04491907874260811 0.07843137254901959
0 0.3359165888577653 0.05882352941176471 0.07421413009648305 0.08403361344537816
0 0.4657913165266106 0.07282913165266106 0.04491907874260818 0.06722689075630252
