0 0.7219561201786024 0.9526482268339342 0.05999635347744629 0.09470354633213163
0 0.4253074835401185 0.7706069655510589 0.07999513796992815 0.2062432786788645
0 0.2966486366384839 0.7095757912481298 0.09199440866541757 0.1894070926642634
0 0.3219804303289612 0.741143640025507 0.06799586727443895 0.16836186014601182
0 0.7106234756328625 0.6338129541824243 0.0533300919799521 0.14731662762776027
0 0.5912973948277197 0.878989913020054 0.0679958672744391 0.20834780193068952
0 0.6232954500156909 0.8400562328612888 0.059996353477446224 0.21466137168616511
0 0.6599598882519081 0.8200632619689501 0.04266407358396179 0.2041387554270395
0 0.4959698554135551 0.6927396052335285 0.1039936793609067 0.11364425559855797
0 0.4053086990476365 0.6401265239378998 0.1253257161528875 0.08838997657665615
0 0.3746438961591639 0.7453526865291573 0.09066115636591868 0.19361613916791343
0 0.6652928974499034 0.43388324525903543 0.04799708278195695 0.08838997657665615
0 0.6626263928509055 0.5359526229725551 0.042664073583961654 0.0904944998284813
0 0.5866310117794737 0.45177169289954916 0.04799708278195695 0.11153973234673281
0 0.6306283376629344 0.36127719307106787 0.07466212877193307 0.07365831381388013
0 0.578631497982481 0.5748863031313204 0.061329605776945115 0.11785330210220821
0 0.5846311333302256 0.622238076297386 0.08932790406641977 0.09049449982848116
0 0.5866310117794739 0.6853737738521406 0.10932668855890207 0.1452121043759351
0 0.6612931405514069 0.6517014018229382 0.0453305781829593 0.12837591836133413
