0 0.7246950306840293 0.8865546218487396 0.1379471635982638 0.22689075630252092
0 0.7133569076485557 0.7128851540616246 0.13416778925310596 0.21008403361344535
0 0.6056447388115551 0.7464985994397756 0.10393279449184246 0.2605042016806721
0 0.5102155365963179 0.8151260504201681 0.14361622511600067 0.2521008403361344
0 0.4365177368657387 0.8683473389355743 0.11338123035473728 0.2577030812324929
0 0.34392306540936984 0.8165266106442577 0.08692560993863192 0.2773109243697479
0 0.2683355785062116 0.7773109243697479 0.08314623559347399 0.21008403361344535
0 0.2418799580901063 0.9201680672268907 0.09448435862894772 0.15966386554621848
0 0.3911652447238437 0.5378151260504201 0.06046998952252657 0.2072829131652661
0 0.30140510402634335 0.542016806722689 0.0812565484208951 0.21008403361344535
0 0.3628199371351595 0.45518207282913165 0.07936686124831617 0.15406162464985995
0 0.33258494237389613 0.3697478991596639 0.05291124083221078 0.12324929971988798
0 0.2872324502320012 0.3977591036414566 0.04913186648705288 0.1120448179271709
