0 0.2731518570917211 0.6876750700280112 0.09833466855301957 0.1988795518207283
0 0.30137754899119895 0.7212885154061623 0.06737745808262453 0.21008403361344527
0 0.36602348850290634 0.7254901960784313 0.11654479235913431 0.20728291316526615
0 0.41974335373094473 0.7282913165266106 0.11472377997852284 0.20168067226890762
0 0.39698069897330135 0.6218487394957983 0.1675331390162556 0.07843137254901947
0 0.5535877637058881 0.6414565826330532 0.1201868171203573 0.1288515406162466
0 0.5353776398997734 0.9271708683473389 0.076482519985682 0.14005602240896364
0 0.7894088669950741 0.9159663865546218 0.06373543332140173 0.16246498599439774
0 0.7338679893864242 0.8487394957983193 0.06555644570201295 0.19607843137254888
0 0.6783271117777742 0.6876750700280112 0.04916733427650996 0.18767507002801126
0 0.7174788779609207 0.4943977591036415 0.04006227237345243 0.1540616246498599
0 0.6992687541548059 0.3753501400560224 0.08376656950812773 0.0784313725490196
0 0.5909185175084234 0.38235294117647056 0.04188328475406387 0.13165266106442583
0 0.6400858517849332 0.3291316526610645 0.08558758188873931 0.08123249299719895
0 0.5253620718064103 0.5182072829131653 0.07101948284384747 0.12885154061624654
0 0.5690663689410855 0.484593837535014 0.05645138379895578 0.1512605042016807
0 0.6191442094079013 0.5042016806722689 0.05463037141834413 0.13445378151260498
0 0.6482804074976848 0.5504201680672268 0.05098834665712126 0.19887955182072822
0 0.6637590127328824 0.42577030812324934 0.06373543332140166 0.07843137254901954
0 0.591829023698729 0.7717086834733894 0.08012454474690493 0.19327731092436978
0 0.6391753455946274 0.7675070028011204 0.08740859426935081 0.2016806722689077
